k=4, mAP_0.5:0.95=0.422038544256614, mAP_0.5=0.6326587327297334, precision=0.6836094647868645, recall=0.564625050338998
k=8, mAP_0.5:0.95=0.4190294456031808, mAP_0.5=0.6280472965431159, precision=0.6859569410627185, recall=0.5575805938386266
k=12, mAP_0.5:0.95=0.41083069790631555, mAP_0.5=0.6211657943194971, precision=0.6693368982600224, recall=0.5617997284322878
k=16, mAP_0.5:0.95=0.4115543779106525, mAP_0.5=0.6198317118503276, precision=0.6697259323979623, recall=0.56179673158797
